 Effective number of bins, and bins:           21          23

OBS :    1      -13.789154      0.049058

OBS :    2        1.000000      0.000000
