 Effective number of bins, and bins:           21          23

OBS :    1      -21.104925      0.005658

OBS :    2        1.000000      0.000000
