 Effective number of bins, and bins:           21          23

OBS :    1        7.315771      0.053054

OBS :    2        1.000000      0.000000
