 Effective number of bins, and bins:            4           9

OBS :    1      -22.905639      0.010268

OBS :    2        1.000000      0.000000
