 Effective number of bins, and bins:            4           9

OBS :    1        8.754464      0.077499

OBS :    2        1.000000      0.000000
