 Effective number of bins, and bins:            4           9

OBS :    1      -12.395555      0.023722

OBS :    2        1.000000      0.000000
